{
    "start_acc": 0.36962962962962964,
    "end_acc": 0.36624338624338626,
    "span_acc": 0.1931084738704976,
    "yesno": 1.0,
    "followup": 1.0,
    "f1": 58.33025806309368
}