{
    "start_acc": 0.4006734006734007,
    "end_acc": 0.3889620846142585,
    "span_acc": 0.21919976971790442,
    "yesno": 1.0,
    "followup": 1.0,
    "f1": 61.90045513434302
}